0 0.347000 0.298023 0.122000 0.333333
0 0.689500 0.300847 0.119000 0.333333
0 0.347500 0.670904 0.121000 0.336158
0 0.462000 0.670198 0.118000 0.334746
1 0.231500 0.300847 0.119000 0.344633
1 0.463000 0.304379 0.120000 0.346045
1 0.576500 0.308616 0.117000 0.351695
1 0.805000 0.301554 0.120000 0.334746
1 0.920500 0.301554 0.121000 0.334746
1 0.233000 0.665254 0.120000 0.341808
1 0.576000 0.674435 0.118000 0.337571
1 0.690500 0.675141 0.119000 0.341808
1 0.805000 0.674435 0.124000 0.337571
1 0.921500 0.673729 0.125000 0.336158
