1 0.170383 0.128333 0.214824 0.225938
1 0.172944 0.310212 0.213920 0.177587
1 0.171437 0.459105 0.213920 0.171713
1 0.172492 0.607998 0.217837 0.173068
1 0.172492 0.759602 0.214824 0.188884
1 0.176861 0.903525 0.219946 0.177587
1 0.650346 0.906914 0.220247 0.184365
1 0.651853 0.753502 0.220247 0.171261
1 0.649292 0.609580 0.221151 0.180750
0 0.650045 0.456168 0.220850 0.179394
1 0.650798 0.284230 0.224164 0.238590
1 0.870142 0.283100 0.222356 0.224582
1 0.870142 0.463172 0.222356 0.186173
1 0.872552 0.616584 0.219343 0.183009
1 0.871799 0.765025 0.223863 0.178039
1 0.870142 0.912110 0.219343 0.175779
