0 0.699570 0.124504 0.235780 0.129464
0 0.645007 0.425347 0.229828 0.142361
0 0.630622 0.522321 0.236111 0.142361
0 0.583995 0.721850 0.248677 0.140129
0 0.563823 0.816220 0.240079 0.141369
0 0.185681 0.662078 0.211310 0.130704
0 0.191303 0.573661 0.194114 0.132440
0 0.220899 0.393601 0.192460 0.130456
1 0.262566 0.120164 0.207011 0.116319
1 0.254630 0.217262 0.214286 0.123016
1 0.237434 0.303571 0.197090 0.116567
1 0.670139 0.227555 0.237103 0.134673
1 0.655754 0.326761 0.237434 0.132688
1 0.599041 0.619420 0.227183 0.140129
1 0.544974 0.913814 0.222884 0.151042
1 0.164683 0.752108 0.189815 0.138145
1 0.148975 0.838914 0.192791 0.134673
1 0.214286 0.486359 0.199735 0.130456
