0 0.220238 0.125372 0.187169 0.106399
0 0.642361 0.105283 0.212632 0.113343
0 0.643188 0.203993 0.210979 0.119296
0 0.632110 0.293155 0.213955 0.118056
0 0.631283 0.486359 0.206349 0.128968
0 0.624173 0.679563 0.236442 0.129960
0 0.615575 0.879712 0.237765 0.140377
0 0.189484 0.753348 0.214286 0.109871
0 0.202877 0.573165 0.209325 0.118056
0 0.206184 0.481647 0.200066 0.119544
0 0.210152 0.300719 0.217262 0.109871
1 0.215608 0.213294 0.203042 0.112103
1 0.212467 0.392237 0.212632 0.113343
1 0.203704 0.663566 0.210979 0.119296
1 0.196594 0.844370 0.209325 0.119296
1 0.605324 0.778150 0.242394 0.145089
1 0.623347 0.582093 0.215608 0.138393
1 0.636739 0.385169 0.213955 0.129960
