0 0.757110 0.115823 0.204034 0.105655
0 0.757275 0.387029 0.198413 0.115327
0 0.750000 0.479291 0.215608 0.112351
0 0.743552 0.665799 0.217262 0.114335
0 0.739914 0.758061 0.221230 0.115327
0 0.325066 0.388765 0.220238 0.114335
0 0.328042 0.576885 0.222884 0.115575
0 0.325066 0.668527 0.216931 0.119792
1 0.335813 0.120660 0.221230 0.108879
1 0.339451 0.215650 0.243056 0.117312
1 0.753638 0.207589 0.222884 0.116567
1 0.748512 0.294395 0.218585 0.106647
1 0.329365 0.482515 0.228836 0.114335
1 0.738591 0.569940 0.218585 0.112103
1 0.322917 0.762401 0.212632 0.111111
1 0.318618 0.849702 0.212632 0.111111
1 0.732639 0.850322 0.218585 0.114335
1 0.325066 0.300843 0.222884 0.113095
