0 0.098090 0.574405 0.161954 0.231481
0 0.196925 0.505952 0.157738 0.248016
0 0.270337 0.437335 0.141865 0.233796
0 0.430680 0.328208 0.138145 0.230489
0 0.584821 0.208829 0.143353 0.230489
0 0.796503 0.487599 0.127728 0.218585
0 0.866071 0.439319 0.109127 0.190146
0 0.659226 0.608631 0.143353 0.203373
0 0.590650 0.670139 0.142609 0.196098
0 0.521081 0.735615 0.148810 0.194775
0 0.369916 0.850198 0.142609 0.187831
1 0.350198 0.384755 0.136409 0.223214
1 0.506448 0.264881 0.125000 0.203042
1 0.654762 0.164021 0.124008 0.201720
1 0.727059 0.111442 0.114335 0.186508
1 0.728299 0.551918 0.113343 0.189153
1 0.442584 0.801091 0.126736 0.191468
1 0.294271 0.920304 0.145089 0.148810
