1 0.554233 0.164311 0.256614 0.181796
0 0.603671 0.270709 0.249008 0.162946
1 0.645337 0.356771 0.266204 0.144097
1 0.702877 0.443824 0.233135 0.152530
0 0.751819 0.522197 0.220569 0.149058
1 0.793485 0.607515 0.209325 0.134673
0 0.826554 0.686012 0.206019 0.128968
1 0.857970 0.751612 0.209325 0.125248
0 0.890377 0.824157 0.208003 0.121528
1 0.128803 0.323165 0.256944 0.176091
0 0.199735 0.420015 0.272487 0.156994
1 0.243882 0.503968 0.250331 0.150298
0 0.311673 0.583209 0.253638 0.150050
1 0.358796 0.662450 0.222222 0.142857
1 0.410053 0.737971 0.220238 0.138145
0 0.461144 0.800595 0.221892 0.126488
1 0.510913 0.866071 0.210979 0.118056
0 0.548611 0.929315 0.198413 0.109623
