1 0.209987 0.105283 0.239418 0.127728
1 0.681713 0.110615 0.225198 0.121528
1 0.212467 0.304191 0.241071 0.119296
1 0.676918 0.309524 0.218915 0.120536
1 0.678571 0.408234 0.222222 0.133433
1 0.207672 0.508681 0.247354 0.126488
1 0.205192 0.621032 0.245701 0.130952
1 0.672288 0.606895 0.218915 0.126488
1 0.204530 0.824157 0.250331 0.121528
1 0.662698 0.817088 0.234788 0.128720
0 0.212302 0.207465 0.244048 0.138145
0 0.210813 0.405258 0.250331 0.129960
0 0.206845 0.721478 0.242394 0.124008
0 0.202877 0.928695 0.250331 0.127728
0 0.659557 0.914559 0.225198 0.129712
0 0.668981 0.711310 0.215608 0.129960
0 0.678571 0.508681 0.222222 0.126488
0 0.680886 0.210441 0.236111 0.132192
