0 0.407738 0.116567 0.174603 0.086310
0 0.351687 0.238219 0.188823 0.088542
0 0.277778 0.376364 0.201720 0.102927
0 0.246197 0.455481 0.208003 0.124256
0 0.159557 0.621652 0.217262 0.139137
0 0.762731 0.136533 0.188823 0.100446
0 0.732804 0.206349 0.198413 0.105159
0 0.720238 0.273686 0.201720 0.109871
0 0.664352 0.428819 0.218915 0.129960
0 0.590278 0.606895 0.240741 0.149802
0 0.513062 0.811260 0.250331 0.183036
1 0.377646 0.177951 0.177910 0.088542
1 0.320271 0.307292 0.195437 0.108631
1 0.195106 0.532986 0.199735 0.123016
1 0.107639 0.707217 0.208003 0.147569
1 0.691138 0.346850 0.197090 0.126240
1 0.631283 0.514013 0.228175 0.132688
1 0.558201 0.704365 0.251984 0.167659
