2 0.467285 0.319608 0.136393 0.101471
0 0.741536 0.813971 0.337891 0.221569
1 0.740072 0.659314 0.322591 0.176471
1 0.740723 0.531495 0.295898 0.142402
1 0.743001 0.413603 0.282227 0.123775
1 0.747721 0.307475 0.248047 0.112010
1 0.755371 0.210907 0.241862 0.083088
1 0.747721 0.129779 0.223307 0.086520
1 0.756999 0.056250 0.210612 0.079167
1 0.316081 0.060294 0.203125 0.064216
1 0.285807 0.131495 0.186198 0.080637
1 0.257975 0.212255 0.189128 0.087745
1 0.226888 0.300245 0.220052 0.105392
1 0.187500 0.405392 0.268229 0.125980
1 0.148600 0.508824 0.274414 0.134314
1 0.138346 0.632475 0.276042 0.134069
