2 0.435384 0.336029 0.144206 0.089706
1 0.608724 0.695466 0.302734 0.155147
1 0.639323 0.565319 0.308594 0.135539
1 0.669596 0.453309 0.297526 0.114461
1 0.701335 0.351716 0.267904 0.107353
1 0.736328 0.255882 0.272786 0.091176
1 0.751628 0.177083 0.248047 0.099265
1 0.774251 0.097059 0.246419 0.091176
1 0.364909 0.068015 0.212240 0.062990
1 0.315430 0.140319 0.212240 0.084069
1 0.268880 0.218015 0.249349 0.089951
1 0.213053 0.304534 0.258789 0.101716
1 0.175130 0.392647 0.248047 0.109804
1 0.132650 0.491299 0.264648 0.108578
