0 0.270313 0.859028 0.171875 0.209722
0 0.610156 0.859028 0.168750 0.209722
0 0.600000 0.704861 0.165625 0.195833
0 0.290234 0.702778 0.160156 0.186111
0 0.592187 0.588889 0.154688 0.161111
0 0.303125 0.575000 0.146875 0.136111
0 0.311719 0.472222 0.137500 0.155556
0 0.583984 0.470139 0.149219 0.148611
0 0.580078 0.373611 0.132031 0.127778
0 0.326562 0.368056 0.134375 0.119444
0 0.573828 0.280556 0.124219 0.116667
0 0.339062 0.278472 0.126562 0.104167
0 0.569531 0.205556 0.123438 0.105556
2 0.350391 0.202778 0.127344 0.091667
2 0.357031 0.129861 0.120313 0.079167
2 0.366406 0.067361 0.109375 0.076389
2 0.566016 0.070139 0.105469 0.084722
2 0.566406 0.136111 0.109375 0.094444
