1 0.578906 0.368056 0.131250 0.119444
1 0.586719 0.469444 0.140625 0.130556
1 0.593359 0.583333 0.149219 0.150000
1 0.330859 0.365278 0.119531 0.127778
1 0.317578 0.468056 0.124219 0.133333
1 0.303906 0.580556 0.143750 0.141667
0 0.365234 0.063194 0.105469 0.093056
0 0.360938 0.133333 0.117188 0.091667
0 0.350391 0.204167 0.122656 0.108333
0 0.338672 0.275694 0.121094 0.106944
0 0.295312 0.705556 0.165625 0.188889
0 0.272656 0.854861 0.167187 0.204167
0 0.615234 0.859722 0.167969 0.213889
0 0.599219 0.705556 0.154688 0.191667
0 0.575781 0.281250 0.123438 0.115278
0 0.572656 0.203472 0.112500 0.104167
0 0.567969 0.137500 0.104688 0.108333
0 0.564063 0.068056 0.103125 0.088889
