1 0.653125 0.426389 0.117188 0.141667
1 0.532813 0.154861 0.092188 0.081944
1 0.398438 0.454861 0.131250 0.134722
0 0.591406 0.778472 0.165625 0.243056
0 0.610156 0.666667 0.139063 0.202778
0 0.625000 0.577083 0.140625 0.159722
0 0.640625 0.498611 0.126562 0.150000
0 0.666016 0.364583 0.111719 0.118056
0 0.676562 0.311806 0.104688 0.106944
0 0.686719 0.262500 0.104688 0.094444
0 0.699219 0.220833 0.096875 0.091667
0 0.519531 0.195139 0.096875 0.087500
0 0.501953 0.234028 0.100781 0.090278
0 0.479297 0.277083 0.103906 0.106944
0 0.454297 0.329861 0.108594 0.106944
0 0.426172 0.390278 0.116406 0.122222
0 0.369922 0.522917 0.144531 0.162500
0 0.325391 0.615972 0.150781 0.179167
