2 0.371094 0.804167 0.062500 0.122222
2 0.391797 0.079167 0.049219 0.077778
0 0.478516 0.797222 0.108594 0.163889
0 0.476562 0.684028 0.106250 0.154167
0 0.475781 0.594444 0.101562 0.141667
0 0.476172 0.495833 0.097656 0.141667
0 0.473047 0.406250 0.099219 0.131944
0 0.473828 0.323611 0.094531 0.122222
0 0.470313 0.249306 0.089063 0.115278
0 0.472266 0.170833 0.082031 0.105556
0 0.471875 0.112500 0.085938 0.108333
0 0.298828 0.069444 0.096094 0.113889
0 0.294531 0.143056 0.095312 0.122222
0 0.285547 0.220833 0.107031 0.138889
0 0.273438 0.298611 0.107813 0.136111
0 0.269922 0.381944 0.113281 0.138889
0 0.261719 0.478472 0.110937 0.151389
0 0.253906 0.577778 0.118750 0.152778
0 0.247656 0.684028 0.128125 0.159722
0 0.236328 0.804861 0.135156 0.173611
