1 0.571875 0.384028 0.107813 0.112500
1 0.429297 0.139583 0.092969 0.073611
1 0.319922 0.466667 0.135156 0.127778
0 0.546875 0.734722 0.157812 0.200000
0 0.558203 0.622222 0.138281 0.169444
0 0.562109 0.531944 0.124219 0.141667
0 0.568359 0.456944 0.113281 0.130556
0 0.577344 0.326389 0.107813 0.100000
0 0.584375 0.277778 0.096875 0.100000
0 0.586328 0.225694 0.089844 0.093056
0 0.592969 0.176389 0.087500 0.075000
0 0.264062 0.655556 0.171875 0.177778
0 0.302734 0.555556 0.153906 0.144444
0 0.345703 0.393750 0.117969 0.120833
0 0.370312 0.331250 0.110937 0.118056
0 0.383594 0.281250 0.109375 0.112500
0 0.403516 0.227778 0.103906 0.102778
0 0.416797 0.188194 0.102344 0.093056
