0 0.277734 0.155556 0.088281 0.069444
0 0.271875 0.206250 0.096875 0.062500
0 0.267969 0.254861 0.101562 0.070833
0 0.258203 0.311111 0.105469 0.077778
0 0.250391 0.375000 0.114844 0.088889
0 0.446094 0.160417 0.085938 0.059722
0 0.451953 0.204167 0.088281 0.066667
0 0.474609 0.434028 0.117969 0.090278
0 0.482422 0.505556 0.124219 0.094444
0 0.494531 0.590278 0.132812 0.111111
0 0.504687 0.696528 0.145313 0.140278
1 0.461719 0.296528 0.100000 0.095833
1 0.237109 0.517361 0.133594 0.098611
1 0.224219 0.615972 0.140625 0.118056
1 0.208203 0.727778 0.166406 0.150000
