0 0.473828 0.728472 0.149219 0.170833
1 0.481641 0.614583 0.130469 0.156944
1 0.499609 0.373611 0.107031 0.108333
1 0.510938 0.206250 0.093750 0.073611
1 0.305469 0.283333 0.103125 0.097222
1 0.264062 0.412500 0.126562 0.116667
1 0.178516 0.690972 0.175781 0.184722
0 0.489063 0.517361 0.134375 0.123611
0 0.494922 0.447222 0.121094 0.122222
0 0.505859 0.311806 0.107031 0.098611
0 0.509375 0.261806 0.101562 0.090278
0 0.514844 0.164583 0.092188 0.070833
0 0.353125 0.141667 0.093750 0.075000
0 0.339062 0.186806 0.098437 0.076389
0 0.322656 0.233333 0.100000 0.088889
0 0.287500 0.343056 0.103125 0.111111
0 0.238281 0.490972 0.151562 0.123611
0 0.216406 0.576389 0.162500 0.147222
