0 0.632812 0.185417 0.089063 0.070833
0 0.624219 0.228472 0.092188 0.070833
0 0.619141 0.272917 0.099219 0.090278
0 0.611719 0.328472 0.104688 0.095833
0 0.604297 0.384028 0.114844 0.106944
0 0.584375 0.527778 0.126562 0.136111
0 0.575781 0.619444 0.131250 0.166667
0 0.329297 0.525000 0.135156 0.136111
0 0.355469 0.452778 0.123438 0.125000
0 0.401953 0.323611 0.105469 0.100000
0 0.444531 0.225694 0.103125 0.081944
0 0.459766 0.182639 0.091406 0.073611
0 0.474219 0.140972 0.089063 0.073611
1 0.426172 0.268750 0.102344 0.098611
1 0.383203 0.384722 0.110156 0.105556
1 0.293359 0.619444 0.136719 0.152778
1 0.593359 0.452083 0.124219 0.120833
1 0.567187 0.729167 0.140625 0.180556
