1 0.584375 0.466667 0.135937 0.136111
1 0.596094 0.578472 0.156250 0.145833
1 0.600000 0.703472 0.162500 0.179167
1 0.317578 0.463194 0.136719 0.140278
1 0.307031 0.577083 0.145313 0.148611
1 0.289844 0.704167 0.157812 0.177778
0 0.614453 0.856944 0.178906 0.208333
0 0.270703 0.853472 0.178906 0.201389
0 0.580469 0.365972 0.139063 0.118056
0 0.576172 0.281250 0.119531 0.112500
0 0.570312 0.205556 0.114062 0.100000
0 0.567187 0.137500 0.109375 0.105556
0 0.563281 0.070833 0.101562 0.086111
0 0.366016 0.065278 0.103906 0.083333
0 0.359375 0.130556 0.115625 0.094444
0 0.349219 0.202083 0.120313 0.106944
0 0.339453 0.276389 0.116406 0.108333
0 0.330859 0.367361 0.130469 0.123611
