2 0.352734 0.746528 0.111719 0.170833
2 0.647656 0.115278 0.062500 0.086111
0 0.735156 0.206250 0.117188 0.143056
0 0.711328 0.260417 0.113281 0.145833
0 0.686719 0.334722 0.112500 0.175000
0 0.659766 0.399306 0.130469 0.181944
0 0.628125 0.472222 0.134375 0.200000
0 0.598047 0.565278 0.149219 0.219444
0 0.564063 0.659722 0.146875 0.230556
0 0.525000 0.758333 0.156250 0.272222
0 0.483984 0.875000 0.167969 0.250000
0 0.225781 0.594444 0.165625 0.247222
0 0.289844 0.493750 0.142187 0.215278
0 0.336328 0.405556 0.136719 0.191667
0 0.378906 0.331944 0.131250 0.183333
0 0.419141 0.258333 0.128906 0.161111
0 0.461719 0.195833 0.117188 0.141667
0 0.495703 0.140278 0.114844 0.138889
0 0.526953 0.093750 0.108594 0.126389
