0 0.173047 0.169444 0.089844 0.061111
0 0.177344 0.215278 0.098437 0.069444
0 0.176953 0.262500 0.111719 0.075000
0 0.179297 0.323611 0.116406 0.086111
0 0.178906 0.387500 0.118750 0.105556
0 0.182422 0.462500 0.122656 0.113889
0 0.355469 0.181944 0.089063 0.061111
0 0.369922 0.223611 0.094531 0.072222
0 0.396484 0.331944 0.100781 0.094444
0 0.412891 0.393056 0.108594 0.102778
0 0.430469 0.457639 0.117188 0.106944
0 0.450781 0.532639 0.123438 0.120833
0 0.477734 0.622917 0.130469 0.148611
1 0.345703 0.136111 0.082031 0.069444
1 0.382422 0.261111 0.099219 0.097222
1 0.192188 0.538889 0.140625 0.138889
1 0.194922 0.634028 0.139844 0.168056
1 0.201953 0.754861 0.153906 0.184722
