0 0.377734 0.161111 0.086719 0.061111
0 0.366406 0.202778 0.092188 0.063889
0 0.350391 0.245833 0.100781 0.072222
0 0.331641 0.297917 0.097656 0.087500
0 0.312109 0.355556 0.103906 0.088889
0 0.286328 0.418056 0.114844 0.108333
0 0.540625 0.197917 0.081250 0.073611
0 0.537109 0.238194 0.094531 0.076389
0 0.530859 0.287500 0.094531 0.083333
0 0.524219 0.340972 0.103125 0.095833
0 0.518750 0.402083 0.107813 0.106944
0 0.508984 0.470833 0.117969 0.119444
0 0.500000 0.554167 0.123438 0.130556
0 0.494141 0.638889 0.132031 0.158333
0 0.480078 0.753472 0.149219 0.179167
1 0.262891 0.489583 0.128906 0.115278
1 0.233984 0.571528 0.146094 0.145833
1 0.195703 0.678472 0.152344 0.176389
