0 0.614844 0.859028 0.171875 0.209722
0 0.599609 0.706250 0.160156 0.181944
0 0.575391 0.281944 0.117969 0.119444
0 0.572656 0.204167 0.117188 0.105556
0 0.566797 0.135417 0.108594 0.104167
0 0.565234 0.070833 0.107031 0.094444
0 0.365625 0.065972 0.103125 0.093056
0 0.355859 0.134028 0.116406 0.095833
0 0.351562 0.204167 0.114062 0.111111
0 0.342578 0.284028 0.122656 0.126389
0 0.331250 0.367361 0.129688 0.123611
0 0.272266 0.854861 0.180469 0.198611
1 0.578906 0.368750 0.134375 0.120833
1 0.585547 0.465972 0.138281 0.137500
1 0.592187 0.581250 0.151562 0.151389
1 0.319922 0.465278 0.139844 0.133333
1 0.304688 0.579167 0.153125 0.141667
1 0.293750 0.706250 0.162500 0.168056
