0 0.271875 0.858333 0.168750 0.202778
0 0.615234 0.858333 0.180469 0.219444
0 0.600781 0.707639 0.167187 0.195833
0 0.291797 0.705556 0.160156 0.180556
0 0.305078 0.581250 0.144531 0.154167
0 0.592578 0.579861 0.157031 0.162500
0 0.585156 0.470833 0.145313 0.144444
0 0.316406 0.471528 0.131250 0.151389
0 0.331250 0.369444 0.123438 0.122222
0 0.580859 0.373611 0.133594 0.133333
0 0.574609 0.279861 0.132031 0.129167
0 0.338672 0.279167 0.121094 0.116667
0 0.350781 0.200000 0.118750 0.105556
0 0.570703 0.204861 0.117969 0.104167
0 0.567187 0.132639 0.110937 0.098611
0 0.359375 0.135417 0.109375 0.095833
0 0.563281 0.070139 0.106250 0.084722
1 0.362891 0.057639 0.096094 0.059722
