0 0.275000 0.856250 0.173437 0.204167
0 0.612500 0.854167 0.173437 0.213889
0 0.602734 0.702083 0.164844 0.193056
0 0.291797 0.704861 0.160156 0.181944
0 0.593359 0.580556 0.152344 0.161111
0 0.306641 0.576389 0.147656 0.150000
0 0.584375 0.472222 0.142187 0.152778
0 0.314453 0.468056 0.135156 0.144444
0 0.580078 0.372917 0.136719 0.134722
0 0.327734 0.370139 0.121094 0.129167
0 0.574609 0.286111 0.124219 0.119444
0 0.338281 0.279167 0.126562 0.122222
0 0.572266 0.208333 0.119531 0.108333
0 0.350391 0.204167 0.113281 0.108333
0 0.566406 0.134028 0.114062 0.098611
1 0.563281 0.073611 0.114062 0.091667
1 0.361328 0.130556 0.121094 0.091667
1 0.367969 0.063889 0.106250 0.097222
