0 0.243359 0.161806 0.091406 0.062500
0 0.237891 0.209722 0.094531 0.066667
0 0.233594 0.258333 0.100000 0.072222
0 0.226562 0.317361 0.103125 0.079167
0 0.219531 0.379167 0.109375 0.088889
0 0.411328 0.157639 0.080469 0.054167
0 0.418750 0.201389 0.085938 0.061111
0 0.427734 0.247222 0.091406 0.072222
0 0.433203 0.299306 0.097656 0.073611
0 0.442578 0.358333 0.107031 0.080556
0 0.450000 0.424306 0.114062 0.093056
0 0.462109 0.497222 0.124219 0.097222
0 0.470703 0.582639 0.130469 0.109722
0 0.489453 0.683333 0.147656 0.144444
1 0.212109 0.533333 0.139844 0.111111
1 0.200781 0.630556 0.142187 0.141667
1 0.191016 0.749306 0.149219 0.151389
