0 0.530078 0.156250 0.096094 0.081944
0 0.510547 0.191667 0.089844 0.088889
0 0.491797 0.237500 0.100781 0.102778
0 0.465625 0.278472 0.101562 0.109722
0 0.443750 0.325694 0.107813 0.115278
0 0.409375 0.384028 0.115625 0.120833
0 0.381250 0.448611 0.129688 0.141667
0 0.348047 0.513889 0.141406 0.161111
0 0.301172 0.602778 0.149219 0.180556
0 0.555859 0.772222 0.161719 0.233333
0 0.580859 0.653472 0.147656 0.187500
0 0.600000 0.570833 0.132812 0.161111
0 0.676172 0.269444 0.096094 0.100000
0 0.689844 0.222917 0.098437 0.093056
