0 0.397656 0.163889 0.087500 0.069444
0 0.394531 0.209722 0.095312 0.077778
0 0.385156 0.256250 0.104688 0.087500
0 0.371875 0.312500 0.107813 0.100000
0 0.363672 0.379167 0.102344 0.108333
0 0.349219 0.454861 0.120313 0.123611
0 0.338672 0.541667 0.133594 0.127778
0 0.329297 0.631944 0.152344 0.158333
0 0.306250 0.759722 0.173437 0.175000
0 0.566406 0.181250 0.087500 0.073611
0 0.570312 0.227778 0.095312 0.077778
0 0.573828 0.276389 0.099219 0.077778
0 0.576172 0.339583 0.105469 0.104167
0 0.582812 0.397917 0.112500 0.104167
0 0.592187 0.477083 0.123438 0.118056
0 0.595703 0.556944 0.128906 0.130556
0 0.604297 0.649306 0.149219 0.156944
0 0.619531 0.772222 0.153125 0.186111
