0 0.614453 0.861111 0.172656 0.211111
0 0.599219 0.704861 0.162500 0.193056
0 0.590234 0.580556 0.146094 0.152778
0 0.587109 0.468056 0.146094 0.138889
0 0.580078 0.372917 0.128906 0.120833
0 0.562500 0.068750 0.101562 0.079167
0 0.367188 0.066667 0.104688 0.086111
0 0.355469 0.131250 0.110937 0.090278
0 0.316406 0.468750 0.129688 0.134722
0 0.304297 0.584722 0.146094 0.152778
0 0.292187 0.704861 0.164062 0.176389
0 0.273047 0.851389 0.174219 0.202778
1 0.565625 0.127778 0.107813 0.088889
1 0.570312 0.202778 0.109375 0.100000
1 0.573828 0.284722 0.119531 0.113889
1 0.348438 0.202083 0.115625 0.098611
1 0.338672 0.279167 0.122656 0.102778
1 0.331250 0.368056 0.129688 0.113889
