0 0.364453 0.068056 0.102344 0.075000
0 0.561719 0.068056 0.106250 0.080556
0 0.579297 0.368750 0.132031 0.131944
0 0.585547 0.470833 0.135156 0.138889
0 0.592969 0.579167 0.150000 0.150000
0 0.603125 0.703472 0.168750 0.190278
0 0.614844 0.856944 0.173437 0.213889
0 0.274609 0.856944 0.158594 0.205556
0 0.294922 0.707639 0.155469 0.179167
0 0.303516 0.577083 0.139844 0.145833
0 0.316406 0.472917 0.135937 0.148611
0 0.327734 0.368056 0.116406 0.125000
1 0.358594 0.131250 0.112500 0.087500
1 0.348438 0.200000 0.109375 0.102778
1 0.341016 0.281944 0.114844 0.111111
1 0.567578 0.133333 0.110156 0.091667
1 0.571094 0.204861 0.112500 0.101389
1 0.575000 0.282639 0.125000 0.112500
