0 0.368750 0.067361 0.114062 0.076389
0 0.330469 0.370833 0.120313 0.127778
0 0.317969 0.470833 0.128125 0.144444
0 0.575781 0.284722 0.131250 0.111111
0 0.581250 0.370139 0.132812 0.129167
0 0.587891 0.470139 0.141406 0.148611
0 0.595703 0.581250 0.155469 0.151389
0 0.604688 0.704167 0.165625 0.186111
0 0.307031 0.580556 0.140625 0.152778
0 0.294141 0.702778 0.155469 0.175000
0 0.273047 0.855556 0.160156 0.205556
0 0.612500 0.856944 0.168750 0.216667
2 0.359375 0.132639 0.110937 0.087500
2 0.351172 0.204167 0.111719 0.102778
2 0.339062 0.281944 0.117188 0.108333
2 0.560547 0.070833 0.097656 0.083333
2 0.566406 0.131944 0.104688 0.088889
2 0.570312 0.206250 0.114062 0.093056
