1 0.508594 0.645139 0.137500 0.187500
1 0.562109 0.412500 0.114844 0.119444
1 0.601562 0.244444 0.098437 0.094444
1 0.393750 0.275000 0.092188 0.111111
1 0.333594 0.388194 0.118750 0.134722
0 0.214453 0.622222 0.171094 0.177778
0 0.259375 0.532639 0.157812 0.162500
0 0.303125 0.454861 0.126562 0.143056
0 0.367578 0.330556 0.103906 0.130556
0 0.418359 0.220139 0.102344 0.098611
0 0.433984 0.184722 0.096094 0.094444
0 0.452734 0.145833 0.086719 0.088889
0 0.614844 0.195833 0.095312 0.091667
0 0.592969 0.290278 0.100000 0.105556
0 0.577344 0.343056 0.110937 0.111111
0 0.547656 0.484722 0.120313 0.147222
0 0.525781 0.558333 0.135937 0.161111
0 0.485938 0.770139 0.165625 0.223611
