0 0.276562 0.855556 0.157812 0.202778
0 0.610547 0.854167 0.169531 0.213889
0 0.601172 0.704167 0.160156 0.191667
0 0.291406 0.704861 0.167187 0.168056
0 0.305078 0.577083 0.146094 0.137500
0 0.593359 0.581944 0.153906 0.155556
0 0.587109 0.472917 0.138281 0.148611
0 0.313672 0.469444 0.135156 0.133333
0 0.582422 0.370139 0.130469 0.134722
0 0.328906 0.365278 0.131250 0.116667
0 0.341406 0.281944 0.126562 0.102778
0 0.573828 0.286111 0.124219 0.119444
1 0.367578 0.063194 0.108594 0.068056
1 0.359375 0.131944 0.110937 0.088889
1 0.352344 0.200694 0.117188 0.101389
1 0.563281 0.061111 0.110937 0.075000
1 0.562500 0.125000 0.117188 0.063889
1 0.572656 0.202083 0.120313 0.093056
