0 0.566016 0.069444 0.105469 0.091667
0 0.567578 0.134028 0.108594 0.093056
0 0.573047 0.202083 0.114844 0.101389
0 0.574609 0.284028 0.122656 0.118056
0 0.580078 0.371528 0.136719 0.126389
0 0.588672 0.478472 0.149219 0.145833
0 0.592969 0.582639 0.150000 0.154167
0 0.603906 0.704861 0.168750 0.187500
0 0.367188 0.065972 0.109375 0.093056
0 0.363672 0.131944 0.113281 0.094444
0 0.350391 0.202778 0.119531 0.108333
0 0.340234 0.275000 0.124219 0.122222
0 0.328125 0.367361 0.123438 0.126389
0 0.319141 0.466667 0.132031 0.138889
0 0.307422 0.577778 0.144531 0.147222
0 0.296875 0.703472 0.160938 0.184722
1 0.616406 0.856250 0.181250 0.215278
1 0.274219 0.857639 0.187500 0.218056
