0 0.349219 0.142361 0.089063 0.056944
0 0.345313 0.188194 0.096875 0.070833
0 0.514844 0.152083 0.087500 0.062500
0 0.519141 0.195139 0.086719 0.065278
0 0.524219 0.242361 0.093750 0.073611
0 0.338672 0.232639 0.103906 0.076389
0 0.526563 0.294444 0.103125 0.086111
0 0.320703 0.345833 0.097656 0.100000
0 0.535547 0.420833 0.119531 0.102778
0 0.547266 0.491667 0.117969 0.105556
0 0.569922 0.681250 0.138281 0.148611
0 0.305469 0.499306 0.128125 0.120833
0 0.291797 0.585417 0.141406 0.120833
1 0.332031 0.288889 0.107813 0.094444
1 0.532813 0.350694 0.110937 0.087500
1 0.313281 0.420139 0.117188 0.104167
1 0.556641 0.579167 0.138281 0.130556
1 0.278906 0.701389 0.146875 0.147222
