0 0.316016 0.142361 0.088281 0.065278
0 0.312500 0.186111 0.095312 0.075000
0 0.308594 0.229861 0.100000 0.073611
0 0.491406 0.229167 0.101562 0.075000
0 0.501953 0.279167 0.094531 0.077778
0 0.517578 0.400694 0.116406 0.106944
0 0.529687 0.481250 0.123438 0.106944
0 0.554297 0.660417 0.141406 0.154167
0 0.294141 0.344444 0.102344 0.100000
0 0.280469 0.501389 0.128125 0.111111
0 0.273438 0.590972 0.135937 0.123611
1 0.302734 0.284722 0.108594 0.088889
1 0.484375 0.137500 0.084375 0.080556
1 0.487109 0.183333 0.094531 0.075000
1 0.507031 0.336806 0.103125 0.087500
1 0.539062 0.561111 0.139063 0.127778
1 0.287891 0.428472 0.119531 0.109722
1 0.260937 0.706944 0.151562 0.141667
