0 0.192969 0.164583 0.104688 0.081944
0 0.199219 0.209722 0.109375 0.075000
0 0.200000 0.258333 0.106250 0.080556
0 0.393359 0.210417 0.099219 0.068056
0 0.408203 0.258333 0.103906 0.080556
0 0.439453 0.372917 0.108594 0.104167
0 0.459375 0.438889 0.115625 0.102778
0 0.207031 0.381250 0.118750 0.115278
0 0.220703 0.536111 0.130469 0.133333
0 0.224609 0.632639 0.139844 0.165278
0 0.508594 0.603472 0.129688 0.156944
1 0.200781 0.311111 0.107813 0.102778
1 0.213281 0.459028 0.117188 0.120833
1 0.233594 0.742361 0.148438 0.168056
1 0.481250 0.512500 0.126562 0.119444
1 0.421094 0.314583 0.101562 0.095833
1 0.380078 0.169444 0.094531 0.077778
1 0.364844 0.109722 0.079687 0.066667
