0 0.364453 0.075000 0.102344 0.083333
0 0.562500 0.070833 0.096875 0.080556
0 0.566016 0.132639 0.107031 0.090278
0 0.569922 0.205556 0.111719 0.102778
0 0.358984 0.134028 0.111719 0.098611
0 0.349219 0.204167 0.117188 0.111111
0 0.339453 0.281944 0.122656 0.125000
0 0.570703 0.286111 0.128906 0.119444
0 0.578906 0.372222 0.134375 0.133333
0 0.332031 0.369444 0.129688 0.127778
0 0.316406 0.472222 0.139063 0.150000
0 0.584375 0.473611 0.143750 0.152778
0 0.593359 0.580556 0.153906 0.158333
0 0.307422 0.582639 0.150781 0.156944
0 0.600000 0.702778 0.165625 0.186111
0 0.291406 0.702778 0.165625 0.177778
0 0.611328 0.858333 0.172656 0.211111
0 0.269922 0.856250 0.172656 0.206944
