2 0.366406 0.717361 0.079687 0.129167
2 0.482031 0.126389 0.046875 0.066667
0 0.480859 0.768750 0.119531 0.176389
0 0.492969 0.656250 0.115625 0.168056
0 0.505859 0.580556 0.110156 0.158333
0 0.514062 0.491667 0.103125 0.147222
0 0.521094 0.418750 0.098437 0.143056
0 0.532031 0.345833 0.095312 0.133333
0 0.399219 0.089583 0.089063 0.098611
0 0.387109 0.143056 0.096094 0.111111
0 0.371094 0.195139 0.096875 0.118056
0 0.350781 0.256250 0.100000 0.129167
0 0.333984 0.322222 0.102344 0.141667
0 0.313672 0.395833 0.105469 0.152778
0 0.288672 0.473611 0.121094 0.155556
0 0.271094 0.552778 0.123438 0.161111
0 0.241016 0.657639 0.138281 0.198611
0 0.540625 0.287500 0.089063 0.127778
0 0.548438 0.227083 0.082812 0.118056
0 0.554297 0.174306 0.082031 0.098611
