2 0.353125 0.759722 0.062500 0.097222
2 0.279297 0.173611 0.049219 0.055556
0 0.442969 0.713194 0.104688 0.129167
0 0.425391 0.630556 0.103906 0.125000
0 0.415625 0.548611 0.103125 0.100000
0 0.400000 0.479861 0.095312 0.104167
0 0.391406 0.409028 0.093750 0.090278
0 0.379297 0.338889 0.089844 0.097222
0 0.368750 0.281944 0.084375 0.091667
0 0.357812 0.218750 0.082812 0.073611
0 0.351562 0.169444 0.078125 0.063889
0 0.197266 0.195139 0.086719 0.065278
0 0.198047 0.254861 0.094531 0.087500
0 0.201563 0.315972 0.093750 0.087500
0 0.202734 0.388194 0.100781 0.104167
0 0.213281 0.463889 0.103125 0.094444
0 0.215625 0.534028 0.109375 0.095833
0 0.221875 0.627083 0.117188 0.109722
0 0.225781 0.708333 0.120313 0.102778
0 0.239844 0.815972 0.129688 0.134722
