2 0.583203 0.779861 0.069531 0.106944
2 0.520703 0.120139 0.044531 0.065278
0 0.685547 0.754861 0.125781 0.151389
0 0.674609 0.648611 0.127344 0.127778
0 0.659766 0.558333 0.116406 0.111111
0 0.646875 0.470833 0.109375 0.116667
0 0.634375 0.386806 0.110937 0.120833
0 0.624219 0.311806 0.101562 0.098611
0 0.614844 0.240972 0.100000 0.093056
0 0.604297 0.167361 0.091406 0.093056
0 0.597266 0.109722 0.086719 0.086111
0 0.437500 0.150000 0.084375 0.083333
0 0.441797 0.214583 0.094531 0.090278
0 0.441406 0.285417 0.092188 0.109722
0 0.443750 0.359722 0.093750 0.105556
0 0.445703 0.435417 0.092969 0.101389
0 0.455078 0.526389 0.103906 0.116667
0 0.463281 0.607639 0.115625 0.120833
0 0.462500 0.691667 0.114062 0.125000
0 0.465234 0.806944 0.113281 0.150000
