0 0.603906 0.229861 0.090625 0.079167
0 0.579297 0.324306 0.102344 0.101389
0 0.550000 0.436111 0.114062 0.122222
0 0.512109 0.583333 0.132031 0.155556
0 0.459375 0.783333 0.154688 0.208333
0 0.201172 0.631944 0.152344 0.172222
0 0.250781 0.542361 0.143750 0.148611
0 0.321484 0.405556 0.114844 0.116667
0 0.380078 0.291667 0.099219 0.094444
0 0.405469 0.246528 0.100000 0.084722
0 0.428906 0.205556 0.096875 0.077778
1 0.289062 0.465972 0.129688 0.134722
1 0.353516 0.340278 0.107031 0.105556
1 0.446484 0.163889 0.085156 0.075000
1 0.593359 0.270139 0.092969 0.090278
1 0.565625 0.372917 0.107813 0.112500
1 0.530078 0.505556 0.121094 0.136111
1 0.489063 0.668750 0.135937 0.176389
