0 0.614453 0.855556 0.175781 0.213889
0 0.578906 0.365972 0.135937 0.123611
0 0.577344 0.286806 0.121875 0.126389
0 0.571094 0.206250 0.110937 0.098611
0 0.566406 0.133333 0.104688 0.100000
0 0.565625 0.067361 0.104688 0.098611
0 0.365625 0.063194 0.101562 0.090278
0 0.359375 0.132639 0.115625 0.098611
0 0.346875 0.205556 0.118750 0.113889
0 0.340234 0.277778 0.114844 0.122222
0 0.326562 0.370139 0.123438 0.137500
0 0.318359 0.465972 0.136719 0.137500
1 0.310937 0.577083 0.148438 0.143056
1 0.289062 0.704167 0.162500 0.175000
1 0.276953 0.856250 0.177344 0.201389
1 0.586719 0.466667 0.146875 0.141667
1 0.593359 0.577083 0.160156 0.143056
1 0.600391 0.702778 0.160156 0.177778
