0 0.613672 0.856250 0.169531 0.206944
0 0.601562 0.705556 0.157812 0.191667
0 0.592969 0.586111 0.146875 0.155556
0 0.587891 0.472222 0.138281 0.136111
0 0.569531 0.132639 0.106250 0.093056
0 0.564063 0.070139 0.101562 0.084722
0 0.366016 0.067361 0.108594 0.081944
0 0.358594 0.129861 0.112500 0.093056
0 0.350781 0.200694 0.121875 0.104167
0 0.304297 0.581250 0.146094 0.156944
0 0.290234 0.707639 0.153906 0.181944
0 0.270703 0.856250 0.171094 0.201389
1 0.567969 0.202083 0.115625 0.098611
1 0.574609 0.281944 0.116406 0.108333
1 0.582031 0.372222 0.128125 0.122222
1 0.340625 0.277083 0.121875 0.106944
1 0.327344 0.368750 0.120313 0.115278
1 0.321094 0.473611 0.126562 0.141667
