0 0.508984 0.177083 0.089844 0.073611
0 0.508594 0.220833 0.087500 0.077778
0 0.505469 0.271528 0.095312 0.090278
0 0.503125 0.326389 0.104688 0.088889
0 0.233594 0.516667 0.139063 0.130556
0 0.256641 0.431944 0.124219 0.122222
0 0.279297 0.362500 0.116406 0.097222
0 0.296484 0.298611 0.107031 0.097222
0 0.319141 0.244444 0.107031 0.091667
0 0.330078 0.198611 0.100781 0.086111
0 0.342187 0.152778 0.096875 0.080556
1 0.189453 0.732639 0.132031 0.123611
1 0.489844 0.745833 0.115625 0.122222
1 0.494531 0.464583 0.120313 0.118056
