2 0.444531 0.822917 0.064062 0.126389
2 0.488281 0.096528 0.050000 0.076389
0 0.400000 0.101389 0.096875 0.113889
0 0.392969 0.175000 0.096875 0.113889
0 0.385937 0.252778 0.100000 0.111111
0 0.374219 0.328472 0.106250 0.112500
0 0.361328 0.420139 0.099219 0.134722
0 0.356641 0.503472 0.111719 0.129167
0 0.344141 0.602778 0.111719 0.136111
0 0.338672 0.692361 0.114844 0.145833
0 0.324609 0.804167 0.119531 0.158333
0 0.552344 0.828472 0.120313 0.165278
0 0.554688 0.713194 0.112500 0.154167
0 0.557813 0.611806 0.110937 0.137500
0 0.560547 0.518056 0.100781 0.144444
0 0.560937 0.426389 0.100000 0.130556
0 0.564453 0.340972 0.100781 0.129167
0 0.569531 0.259028 0.093750 0.118056
0 0.572266 0.181944 0.089844 0.116667
0 0.572656 0.109722 0.085938 0.091667
