1 0.562891 0.585417 0.127344 0.143056
1 0.539453 0.194444 0.089844 0.086111
1 0.369531 0.140278 0.095312 0.075000
1 0.345313 0.284028 0.107813 0.093056
1 0.325391 0.415278 0.119531 0.119444
0 0.573438 0.698611 0.156250 0.158333
0 0.561719 0.506250 0.125000 0.112500
0 0.556641 0.433333 0.114844 0.119444
0 0.551172 0.363889 0.110156 0.094444
0 0.546484 0.302083 0.097656 0.098611
0 0.543359 0.249306 0.094531 0.090278
0 0.535937 0.159028 0.085938 0.076389
0 0.370312 0.181944 0.101562 0.086111
0 0.359766 0.224306 0.102344 0.081944
0 0.337891 0.340972 0.108594 0.109722
0 0.314844 0.490278 0.134375 0.122222
0 0.300781 0.579861 0.145313 0.143056
0 0.277734 0.689583 0.163281 0.156944
