0 0.358203 0.131250 0.103906 0.093056
0 0.566016 0.134722 0.113281 0.100000
0 0.571875 0.204167 0.120313 0.116667
0 0.575000 0.283333 0.123438 0.127778
0 0.578906 0.370139 0.132812 0.126389
0 0.586719 0.472222 0.146875 0.141667
0 0.594922 0.579167 0.160156 0.161111
0 0.601172 0.702778 0.167969 0.194444
0 0.616797 0.851389 0.182031 0.227778
0 0.273047 0.857639 0.166406 0.206944
0 0.292187 0.706944 0.148438 0.186111
0 0.306641 0.582639 0.144531 0.154167
0 0.316016 0.472917 0.132031 0.148611
0 0.327734 0.372222 0.121094 0.133333
0 0.337891 0.279861 0.117969 0.120833
0 0.351562 0.204167 0.118750 0.102778
1 0.366797 0.072222 0.110156 0.088889
1 0.559375 0.067361 0.106250 0.073611
