1 0.491016 0.593750 0.127344 0.148611
1 0.504687 0.360417 0.106250 0.106944
1 0.351172 0.134722 0.091406 0.066667
1 0.244141 0.475694 0.141406 0.120833
0 0.487500 0.704167 0.146875 0.169444
0 0.494531 0.506944 0.120313 0.125000
0 0.500000 0.430556 0.112500 0.113889
0 0.507812 0.302778 0.100000 0.097222
0 0.510156 0.254167 0.092188 0.091667
0 0.513672 0.200000 0.091406 0.083333
0 0.513281 0.156944 0.085938 0.083333
0 0.338672 0.177778 0.097656 0.077778
0 0.328906 0.224306 0.101562 0.090278
0 0.309766 0.277083 0.107031 0.101389
0 0.294141 0.334028 0.111719 0.101389
0 0.268750 0.408333 0.125000 0.116667
0 0.223438 0.565972 0.156250 0.148611
0 0.188281 0.672917 0.170313 0.170833
