0 0.557422 0.646528 0.147656 0.151389
0 0.540625 0.547222 0.139063 0.122222
0 0.525000 0.468750 0.121875 0.112500
0 0.509766 0.399306 0.116406 0.106944
1 0.496875 0.330556 0.106250 0.094444
1 0.296484 0.144444 0.091406 0.066667
0 0.489063 0.276389 0.106250 0.075000
0 0.479687 0.228472 0.098437 0.068056
0 0.468750 0.183333 0.093750 0.066667
0 0.464453 0.138889 0.092969 0.063889
0 0.296484 0.191667 0.100781 0.072222
0 0.292969 0.240972 0.103125 0.073611
0 0.285938 0.294444 0.106250 0.088889
0 0.282813 0.361111 0.110937 0.091667
0 0.282031 0.428472 0.121875 0.106944
0 0.278125 0.514583 0.137500 0.112500
0 0.273828 0.606944 0.141406 0.147222
0 0.270313 0.718056 0.157812 0.169444
