0 0.594531 0.708333 0.146875 0.163889
1 0.560156 0.361806 0.109375 0.101389
1 0.380469 0.145139 0.095312 0.073611
0 0.543750 0.160417 0.092188 0.073611
0 0.546875 0.202778 0.087500 0.075000
0 0.552734 0.252778 0.094531 0.080556
0 0.556250 0.304167 0.104688 0.083333
0 0.566797 0.433333 0.116406 0.111111
0 0.575781 0.513194 0.125000 0.115278
0 0.583594 0.597917 0.137500 0.137500
0 0.301953 0.707639 0.172656 0.159722
0 0.318359 0.588889 0.152344 0.133333
0 0.326562 0.497222 0.137500 0.111111
0 0.337891 0.425000 0.119531 0.127778
0 0.347656 0.351389 0.107813 0.102778
0 0.357031 0.286806 0.106250 0.095833
0 0.366797 0.238194 0.100781 0.090278
0 0.376172 0.192361 0.097656 0.079167
