1 0.682813 0.563889 0.134375 0.175000
0 0.296094 0.646528 0.146875 0.204167
0 0.356641 0.567361 0.136719 0.187500
0 0.402734 0.505556 0.125781 0.172222
0 0.446875 0.442361 0.121875 0.151389
0 0.490625 0.393056 0.117188 0.130556
0 0.521484 0.342361 0.107031 0.126389
0 0.586328 0.265278 0.105469 0.105556
0 0.614062 0.223611 0.096875 0.105556
0 0.525391 0.888889 0.182031 0.222222
0 0.577344 0.812500 0.164062 0.275000
0 0.616797 0.729167 0.163281 0.238889
0 0.651172 0.643056 0.152344 0.222222
0 0.711328 0.506250 0.141406 0.179167
0 0.740234 0.440278 0.127344 0.150000
0 0.764844 0.391667 0.121875 0.138889
0 0.784766 0.342361 0.117969 0.123611
0 0.561328 0.300000 0.107031 0.113889
