0 0.720362 0.155258 0.147073 0.151124
0 0.679563 0.253142 0.143353 0.160384
0 0.602059 0.441634 0.137153 0.157077
0 0.566220 0.531911 0.124008 0.158399
0 0.528150 0.619874 0.120288 0.164352
0 0.461186 0.776455 0.108879 0.165344
0 0.259301 0.687169 0.091022 0.142857
0 0.292907 0.609954 0.085813 0.129960
0 0.319940 0.539517 0.086806 0.140542
0 0.378348 0.388393 0.097470 0.135913
0 0.444444 0.226025 0.103671 0.125331
1 0.514385 0.063657 0.110615 0.119378
1 0.640625 0.345238 0.130952 0.136905
1 0.412946 0.307540 0.092262 0.127646
1 0.348214 0.466931 0.086806 0.134921
1 0.490947 0.697751 0.129216 0.150132
1 0.419147 0.863757 0.124008 0.158069
1 0.473710 0.142196 0.119544 0.141534
