0 0.356647 0.100364 0.121528 0.147156
0 0.409474 0.171792 0.120040 0.153770
0 0.453001 0.242229 0.115823 0.147156
0 0.545759 0.378803 0.101438 0.147156
0 0.634177 0.518519 0.097718 0.160053
0 0.233383 0.379134 0.148810 0.180225
0 0.341022 0.532242 0.138393 0.183532
0 0.395709 0.608631 0.131200 0.180225
0 0.445809 0.681052 0.132192 0.186839
0 0.548983 0.825562 0.106399 0.183532
0 0.595362 0.895007 0.101438 0.176918
1 0.500992 0.310516 0.108135 0.149471
1 0.589410 0.450066 0.091022 0.149471
1 0.675347 0.576554 0.087302 0.152447
1 0.717386 0.638558 0.080109 0.154762
1 0.499876 0.743552 0.116815 0.164352
1 0.281002 0.454861 0.124008 0.178241
1 0.162202 0.298280 0.132937 0.165344
