0 0.535714 0.432044 0.084325 0.112103
0 0.670263 0.433366 0.093006 0.112103
0 0.807540 0.428075 0.107143 0.113426
0 0.405506 0.430886 0.082341 0.102513
0 0.339038 0.434524 0.082341 0.114418
0 0.278398 0.436839 0.088542 0.117063
0 0.232763 0.673611 0.117808 0.158069
0 0.386905 0.675926 0.094742 0.156085
0 0.552083 0.669478 0.108135 0.159722
0 0.627852 0.679067 0.108879 0.173611
0 0.795263 0.672950 0.126736 0.164021
1 0.467882 0.433201 0.088542 0.109788
1 0.603547 0.432705 0.088542 0.106151
1 0.738591 0.435681 0.107143 0.112103
1 0.319940 0.673115 0.102679 0.152447
1 0.468378 0.674934 0.099950 0.165344
1 0.712302 0.677249 0.124008 0.160714
1 0.878472 0.678406 0.137401 0.158399
