0 0.304233 0.210193 0.207011 0.078621
0 0.288360 0.263641 0.215608 0.084325
0 0.256779 0.409226 0.241733 0.116567
0 0.239418 0.495536 0.255952 0.125000
0 0.158234 0.858879 0.300595 0.191964
0 0.717593 0.280258 0.222884 0.087302
0 0.731978 0.344494 0.260251 0.099206
0 0.761574 0.504092 0.281746 0.118800
1 0.318618 0.151538 0.186839 0.066964
1 0.699570 0.167163 0.195437 0.067956
1 0.703208 0.222098 0.219907 0.072173
1 0.271164 0.325521 0.215608 0.095982
1 0.209325 0.593130 0.287698 0.132688
1 0.183532 0.707961 0.316138 0.151042
1 0.746362 0.418403 0.257275 0.113095
1 0.785218 0.600570 0.303241 0.126240
1 0.807374 0.713294 0.350860 0.161706
1 0.830522 0.850322 0.325066 0.183284
