0 0.184028 0.801835 0.288029 0.173611
1 0.214782 0.693204 0.274140 0.164187
0 0.253472 0.579613 0.262897 0.157242
1 0.286541 0.486235 0.262897 0.145585
1 0.320271 0.404638 0.233135 0.147569
0 0.346230 0.319072 0.215608 0.151042
1 0.368386 0.250620 0.193783 0.132192
0 0.389550 0.192708 0.201720 0.129960
1 0.412368 0.127728 0.190476 0.129960
1 0.709987 0.234623 0.127646 0.109623
0 0.705192 0.296007 0.146495 0.116815
1 0.701389 0.351562 0.141534 0.119296
1 0.694940 0.419395 0.151124 0.127480
0 0.687996 0.492808 0.143188 0.125496
1 0.670635 0.571305 0.168651 0.140625
0 0.654927 0.657118 0.180886 0.141617
1 0.645503 0.751488 0.181217 0.148810
0 0.640708 0.852555 0.190807 0.154514
