0 0.616016 0.858333 0.172656 0.219444
0 0.600781 0.702778 0.162500 0.194444
0 0.594141 0.584722 0.155469 0.150000
0 0.585547 0.477083 0.138281 0.145833
0 0.581250 0.374306 0.128125 0.126389
0 0.576172 0.284722 0.121094 0.116667
0 0.569141 0.209028 0.114844 0.112500
0 0.565625 0.131944 0.107813 0.091667
0 0.564063 0.070139 0.103125 0.095833
0 0.368359 0.065972 0.099219 0.087500
0 0.362109 0.131944 0.117969 0.094444
0 0.353125 0.202778 0.118750 0.108333
0 0.342187 0.278472 0.114062 0.123611
0 0.334375 0.372222 0.129688 0.125000
0 0.320703 0.473611 0.138281 0.158333
0 0.307031 0.577778 0.156250 0.150000
0 0.294531 0.706944 0.160938 0.183333
0 0.272266 0.860417 0.180469 0.212500
