0 0.223438 0.653472 0.164062 0.204167
0 0.273828 0.549306 0.155469 0.162500
0 0.308203 0.472222 0.141406 0.155556
0 0.341406 0.402083 0.129688 0.134722
0 0.370312 0.338194 0.117188 0.126389
0 0.399219 0.288194 0.115625 0.112500
0 0.419922 0.237500 0.108594 0.102778
0 0.439453 0.200694 0.097656 0.104167
0 0.458984 0.150694 0.091406 0.084722
0 0.618750 0.208333 0.101562 0.091667
0 0.607422 0.253472 0.099219 0.095833
0 0.601172 0.304861 0.111719 0.104167
0 0.587109 0.356944 0.113281 0.125000
0 0.573438 0.416667 0.129688 0.130556
0 0.554297 0.493056 0.125781 0.147222
0 0.537109 0.577083 0.139844 0.159722
0 0.524609 0.661806 0.149219 0.193056
0 0.494922 0.781944 0.160156 0.230556
