0 0.272656 0.857639 0.170313 0.204167
0 0.614062 0.860417 0.175000 0.215278
0 0.602734 0.706250 0.163281 0.193056
0 0.290234 0.701389 0.160156 0.180556
0 0.593750 0.585417 0.151562 0.156944
0 0.303906 0.573611 0.150000 0.147222
0 0.584766 0.474306 0.146094 0.145833
0 0.314844 0.468056 0.140625 0.130556
0 0.579688 0.370833 0.135937 0.125000
0 0.325000 0.366667 0.132812 0.127778
0 0.573828 0.282639 0.122656 0.123611
0 0.338281 0.278472 0.126562 0.104167
0 0.353125 0.203472 0.123438 0.112500
0 0.569141 0.202778 0.121094 0.111111
1 0.369141 0.058333 0.107031 0.072222
1 0.357422 0.135417 0.114844 0.093056
1 0.568750 0.063194 0.115625 0.068056
1 0.562500 0.137500 0.112500 0.088889
