0 0.614062 0.857639 0.171875 0.218056
0 0.600391 0.704861 0.161719 0.190278
0 0.593359 0.584722 0.149219 0.152778
0 0.569531 0.198611 0.110937 0.097222
0 0.567578 0.137500 0.103906 0.102778
0 0.563281 0.073611 0.100000 0.094444
0 0.365625 0.065972 0.101562 0.093056
0 0.358594 0.134028 0.110937 0.098611
0 0.349219 0.202778 0.117188 0.102778
0 0.343750 0.273611 0.120313 0.113889
0 0.294531 0.703472 0.160938 0.176389
0 0.268359 0.857639 0.172656 0.201389
1 0.573828 0.281944 0.114844 0.113889
1 0.576953 0.368056 0.125781 0.113889
1 0.586719 0.469444 0.137500 0.136111
1 0.328906 0.366667 0.114062 0.125000
1 0.323047 0.468056 0.127344 0.138889
1 0.302344 0.578472 0.153125 0.148611
