1 0.613672 0.861111 0.169531 0.216667
1 0.290625 0.700000 0.156250 0.183333
1 0.275781 0.856250 0.189062 0.206944
0 0.594531 0.704167 0.185938 0.191667
0 0.594141 0.582639 0.155469 0.176389
0 0.587109 0.475694 0.141406 0.154167
0 0.580859 0.375694 0.130469 0.143056
0 0.574219 0.285417 0.131250 0.131944
0 0.571875 0.206250 0.117188 0.106944
0 0.568750 0.138889 0.117188 0.111111
0 0.562891 0.072917 0.111719 0.109722
0 0.369141 0.065972 0.117969 0.087500
0 0.354297 0.131250 0.119531 0.098611
0 0.350781 0.202778 0.126562 0.122222
0 0.339062 0.280556 0.125000 0.116667
0 0.325391 0.370833 0.124219 0.138889
0 0.318359 0.470139 0.130469 0.145833
0 0.306250 0.575694 0.148438 0.148611
