0 0.562500 0.068056 0.110937 0.097222
0 0.566797 0.131944 0.110156 0.100000
0 0.570312 0.209722 0.115625 0.108333
0 0.574609 0.282639 0.117969 0.112500
0 0.582031 0.375000 0.137500 0.127778
0 0.588672 0.473611 0.142969 0.138889
0 0.593750 0.584722 0.150000 0.150000
0 0.603906 0.703472 0.168750 0.179167
1 0.611719 0.861806 0.182812 0.215278
0 0.274609 0.854167 0.194531 0.200000
0 0.291797 0.700000 0.160156 0.183333
0 0.308203 0.577778 0.152344 0.158333
0 0.320703 0.468750 0.130469 0.145833
0 0.328906 0.375000 0.123438 0.138889
0 0.340234 0.280556 0.114844 0.116667
0 0.352734 0.204167 0.117969 0.111111
0 0.360938 0.131250 0.114062 0.098611
0 0.364453 0.066667 0.103906 0.097222
