0 0.564453 0.068056 0.113281 0.100000
0 0.566797 0.133333 0.110156 0.097222
0 0.567578 0.204167 0.121094 0.108333
0 0.575781 0.281944 0.123438 0.119444
0 0.578906 0.367361 0.129688 0.134722
0 0.587500 0.465972 0.140625 0.137500
0 0.319922 0.465278 0.130469 0.136111
0 0.329297 0.363889 0.130469 0.125000
0 0.339844 0.283333 0.117188 0.119444
0 0.352734 0.202083 0.114844 0.106944
0 0.360547 0.133333 0.107031 0.100000
0 0.366406 0.067361 0.103125 0.095833
1 0.309375 0.573611 0.150000 0.147222
1 0.597266 0.576389 0.157031 0.150000
1 0.600000 0.701389 0.164062 0.180556
1 0.613281 0.858333 0.173437 0.211111
1 0.295312 0.700000 0.154688 0.172222
1 0.269141 0.859028 0.174219 0.209722
