1 0.575391 0.281250 0.125781 0.112500
1 0.577344 0.367361 0.131250 0.115278
1 0.585547 0.472917 0.136719 0.134722
1 0.337500 0.279167 0.117188 0.105556
1 0.328125 0.367361 0.110937 0.120833
1 0.319531 0.469444 0.142187 0.144444
0 0.366797 0.068056 0.108594 0.083333
0 0.361719 0.131944 0.107813 0.097222
0 0.350391 0.200000 0.116406 0.094444
0 0.303906 0.581250 0.146875 0.154167
0 0.293359 0.706250 0.153906 0.190278
0 0.272656 0.855556 0.167187 0.197222
0 0.610938 0.856944 0.176563 0.208333
0 0.600000 0.706250 0.165625 0.193056
0 0.592578 0.589583 0.149219 0.159722
0 0.569531 0.198611 0.117188 0.097222
0 0.565625 0.131944 0.117188 0.111111
0 0.562109 0.070833 0.107031 0.100000
