0 0.281250 0.650000 0.165625 0.161111
0 0.317188 0.541667 0.156250 0.141667
0 0.329688 0.465278 0.137500 0.127778
0 0.343750 0.393750 0.120313 0.123611
0 0.360938 0.322222 0.110937 0.100000
0 0.375391 0.267361 0.110156 0.093056
0 0.386719 0.215278 0.103125 0.080556
0 0.400391 0.177778 0.089844 0.080556
0 0.411719 0.135417 0.087500 0.079167
0 0.571875 0.693750 0.148438 0.176389
0 0.566797 0.585417 0.128906 0.151389
0 0.567969 0.500000 0.120313 0.130556
1 0.567187 0.360417 0.104688 0.106944
0 0.568750 0.246528 0.090625 0.081944
0 0.569922 0.201389 0.083594 0.077778
0 0.569922 0.161806 0.085156 0.076389
