0 0.649609 0.229167 0.096094 0.086111
0 0.633594 0.272222 0.100000 0.094444
0 0.616406 0.320833 0.104688 0.100000
0 0.597656 0.375000 0.110937 0.113889
0 0.316406 0.443750 0.121875 0.126389
0 0.351172 0.385417 0.111719 0.112500
0 0.385937 0.327778 0.104688 0.102778
0 0.417187 0.279167 0.101562 0.091667
0 0.446484 0.235417 0.103906 0.087500
0 0.470313 0.195139 0.092188 0.079167
0 0.491406 0.162500 0.089063 0.080556
1 0.216797 0.588889 0.144531 0.166667
1 0.544922 0.493750 0.136719 0.143056
1 0.458594 0.772222 0.153125 0.219444
