0 0.178906 0.162500 0.093750 0.063889
0 0.176172 0.207639 0.097656 0.070833
0 0.171875 0.260417 0.100000 0.084722
0 0.167578 0.318056 0.114844 0.088889
0 0.160547 0.383333 0.119531 0.094444
0 0.356641 0.135417 0.091406 0.056944
0 0.364844 0.175694 0.090625 0.070833
0 0.376172 0.222917 0.103906 0.065278
0 0.383594 0.273611 0.106250 0.080556
0 0.394141 0.331944 0.107031 0.091667
0 0.404687 0.400000 0.110937 0.102778
0 0.414844 0.468056 0.120313 0.108333
0 0.432812 0.550000 0.129688 0.133333
0 0.449609 0.646528 0.136719 0.168056
1 0.157031 0.547917 0.143750 0.129167
1 0.151562 0.638194 0.143750 0.137500
1 0.145703 0.771528 0.161719 0.190278
