1 0.600000 0.704861 0.160938 0.187500
1 0.613672 0.858333 0.183594 0.219444
1 0.297266 0.697917 0.174219 0.179167
1 0.272656 0.856944 0.178125 0.205556
0 0.595313 0.579861 0.159375 0.159722
0 0.588672 0.472222 0.144531 0.141667
0 0.579297 0.370833 0.135156 0.133333
0 0.575391 0.281944 0.124219 0.122222
0 0.573047 0.206250 0.121094 0.112500
0 0.566016 0.133333 0.107031 0.097222
0 0.564063 0.069444 0.103125 0.100000
0 0.367578 0.063889 0.111719 0.086111
0 0.362109 0.133333 0.116406 0.097222
0 0.350000 0.202083 0.121875 0.106944
0 0.338281 0.281944 0.123438 0.116667
0 0.328125 0.365278 0.126562 0.130556
0 0.316406 0.472917 0.137500 0.148611
0 0.303906 0.575000 0.156250 0.147222
