0 0.397656 0.163889 0.087500 0.069444
0 0.394531 0.209722 0.095312 0.077778
0 0.385156 0.256250 0.104688 0.087500
0 0.371875 0.312500 0.107813 0.100000
0 0.363672 0.379167 0.102344 0.108333
0 0.349219 0.454861 0.120313 0.123611
0 0.338672 0.541667 0.133594 0.127778
0 0.328516 0.630556 0.150781 0.155556
0 0.302734 0.757639 0.166406 0.170833
0 0.567578 0.177778 0.085156 0.066667
0 0.570312 0.227778 0.095312 0.077778
0 0.573828 0.276389 0.099219 0.077778
0 0.575391 0.331944 0.107031 0.088889
0 0.581641 0.394444 0.114844 0.097222
0 0.591797 0.472917 0.124219 0.109722
0 0.594531 0.552083 0.131250 0.120833
0 0.604688 0.645833 0.148438 0.150000
0 0.619922 0.764583 0.152344 0.170833
