1 0.614062 0.859722 0.176563 0.219444
1 0.600391 0.704167 0.169531 0.186111
1 0.594531 0.583333 0.156250 0.147222
1 0.289453 0.699306 0.158594 0.181944
1 0.277734 0.855556 0.172656 0.205556
0 0.587500 0.470833 0.142187 0.144444
0 0.579688 0.370833 0.132812 0.127778
0 0.576562 0.289583 0.118750 0.129167
0 0.574219 0.213194 0.120313 0.123611
0 0.569141 0.134028 0.110156 0.101389
0 0.566016 0.069444 0.105469 0.094444
0 0.366016 0.067361 0.107031 0.095833
0 0.359375 0.131944 0.115625 0.094444
0 0.351172 0.201389 0.117969 0.111111
0 0.337891 0.281250 0.113281 0.118056
0 0.325000 0.370139 0.121875 0.126389
0 0.316016 0.465972 0.132031 0.143056
0 0.307812 0.574306 0.151562 0.154167
