0 0.614453 0.856944 0.177344 0.213889
0 0.599609 0.706250 0.161719 0.181944
0 0.594531 0.583333 0.148438 0.158333
0 0.586328 0.473611 0.138281 0.141667
0 0.566797 0.130556 0.110156 0.086111
0 0.562891 0.065972 0.102344 0.084722
0 0.365625 0.065972 0.103125 0.084722
0 0.316406 0.472222 0.126562 0.136111
0 0.301563 0.582639 0.142187 0.154167
0 0.294141 0.703472 0.157031 0.176389
0 0.269922 0.859028 0.174219 0.209722
1 0.350000 0.199306 0.115625 0.093056
1 0.338672 0.278472 0.125781 0.106944
1 0.332422 0.370139 0.122656 0.118056
1 0.570312 0.204167 0.112500 0.094444
1 0.574219 0.281944 0.117188 0.102778
1 0.578125 0.372917 0.129688 0.123611
